104,3
104,2
104,1
104,0
96,3
96,2
96,1
96,0
8,4
8,9
8,7
8,11
88,3
88,2
88,1
88,0
8,18
8,17
8,16
8,15
105,5
105,1
106,5
106,1
106,4
107,4
107,3
107,2
107,1
107,0
10,87
10,65
11,25
11,13
99,3
99,2
99,1
99,0
91,3
91,2
91,1
91,0
19,2
19,1
19,3
11,21
11,19
11,17
11,11
10,143
100,4
100,3
100,2
100,1
100,0
92,3
92,2
92,1
92,0
84,4
84,3
84,2
84,1
20,3
20,2
20,1
12,3
12,2
12,1
10,251
10,195
10,241
102,3
102,2
102,1
102,0
94,3
94,2
94,1
94,0
86,4
86,3
86,2
86,1
86,0
78,4
78,3
78,2
78,1
78,0
70,4
70,3
70,2
70,1
111,35
103,5
103,4
103,3
103,2
103,1
103,0
95,3
95,2
95,1
95,0
87,4
87,3
87,2
87,1
87,0
79,3
79,2
79,1
79,0
71,3
71,1
111,34
111,33
111,32
111,31
111,30
111,29
111,28
